-40.9110
-30.0980
-18.8390
-8.2492
1.6721
10.4790
17.7250
23.7440
29.2060
32.6620
34.6690
36.0060
36.2290
36.0060
35.2260
34.2230
34.0000
34.4460
35.1150
36.5640
38.3470
38.9050
41.6920
43.9210
45.7050
46.4850
46.7080
45.9280
44.8130
42.0260
38.1240
32.9970
26.6430
18.8390
8.8065
-2.0066
-14.2690
-27.4230
-40.4650
-53.3970
-64.8780
-75.0230
-82.7140
-87.7310
-89.7370
-88.4000
-83.9410
-76.8060
-67.4420
-56.1830
-44.7010
-31.7700
-19.6200
-8.5836
1.0033
9.2524
16.0520
21.6260
26.3080
29.5410
31.3240
32.6620
33.5540
34.4460
34.5570
34.7800
35.4490
36.1180
36.5640
37.3440
37.9020
39.1280
40.0200
41.4690
42.1380
43.1410
43.5870
43.8100
42.5830
40.6880
37.1210
32.8850
27.2000
21.0690
13.7110
4.1246
-6.9115
-19.7310
-32.3280
-44.5900
-56.1830
-66.4390
-74.3540
-80.2620
-83.4950
-83.9410
-81.4880
-76.4720
-69.0030
-59.0820
-47.4880
-34.7800
-22.2950
-10.5900
-0.4459
8.5836
16.0520
22.1840
26.7540
29.8750
30.9900
30.5440
29.5410
28.3150
27.3110
26.0850
26.3080
27.0880
27.5340
29.7640
31.8820
34.3340
37.4560
39.9080
42.8060
44.5900
45.7050
44.9240
43.8100
41.8030
38.7930
34.2230
28.9830
23.6330
17.2790
9.6983
0.6688
-8.9180
-19.3970
-30.4330
-42.0260
-53.8420
-64.9900
-75.0230
-83.2720
-88.5110
-90.0720
-87.5080
-80.7080
-70.5640
-58.1900
-43.5870
-29.3180
-15.4950
-3.4557
7.5803
16.3870
22.0720
25.3050
26.6430
26.0850
23.9670
21.5150
20.0660
19.8430
20.9570
23.0750
26.6430
31.7700
37.0100
42.1380
45.5930
47.7110
49.2720
49.0490
48.3800
46.5970
44.7010
42.0260
38.9050
36.0060
32.6620
29.0950
25.4160
20.0660
13.9340
6.2426
-2.4525
-12.1510
-23.5210
-36.4520
-50.2750
-63.7640
-76.3600
-86.1700
-92.6360
-95.2000
-92.4130
-84.4980
-73.2390
-60.1960
-45.7050
-31.4360
-18.3930
-7.1344
1.4492
7.4688
11.7050
14.3800
16.4980
19.7310
22.5180
24.0790
25.5280
27.0880
28.6490
29.9870
31.8820
34.0000
36.7870
38.9050
40.4650
42.1380
43.8100
46.2620
47.3770
48.0460
46.8190
44.9240
42.1380
39.2390
36.0060
32.8850
28.9830
24.5240
18.9510
11.3700
2.6754
-8.5836
-21.0690
-34.5570
-47.3770
-59.3050
-69.7830
-78.5900
-85.5010
-88.0650
-87.1730
-82.0460
-74.8000
-65.3240
-54.4000
-42.6950
-30.5440
-19.2850
-8.2492
0.4459
7.9147
13.7110
17.1670
20.1770
21.6260
22.1840
22.4060
23.1870
24.3020
26.7540
29.3180
34.0000
38.2360
42.3610
45.3700
46.4850
47.1540
46.7080
46.1510
44.3670
43.1410
41.6920
40.9110
39.5740
38.1240
35.5610
32.5510
28.2030
22.9640
16.4980
8.6951
-0.1115
-11.3700
-23.9670
-37.5670
-51.0560
-64.5440
-75.0230
-83.0490
-87.7310
-88.8460
-86.2820
-80.0390
-71.5670
-60.8650
-49.4950
-37.7900
-25.6390
-15.1610
-6.4656
0.8918
6.6885
11.1480
15.4950
19.9540
23.2980
25.8620
27.9800
30.3210
33.1080
36.0060
38.3470
41.0230
42.3610
42.6950
42.3610
41.6920
42.0260
42.2490
42.5830
42.5830
42.4720
42.0260
41.4690
39.1280
36.5640
33.2200
29.6520
25.6390
19.7310
13.1540
4.0131
-7.9147
-22.4060
-36.4520
-49.6060
-60.7540
-70.4520
-78.1440
-83.7180
-86.9510
-86.2820
-81.9340
-74.2420
-64.4330
-52.9510
-41.0230
-29.7640
-18.9510
-9.3639
-1.3377
5.2393
11.4820
15.6060
19.2850
22.7410
24.6360
24.5240
25.3050
27.2000
29.8750
33.4430
36.8980
39.6850
41.6920
42.3610
42.8060
42.6950
42.1380
40.5770
40.8000
41.4690
42.2490
41.9150
40.3540
37.6790
35.1150
32.7740
29.0950
24.6360
17.9470
9.6983
-1.2262
-13.7110
-26.8650
-39.1280
-49.9410
-59.5280
-68.5570
-76.3600
-82.3800
-85.5010
-85.2780
-80.9310
-73.7960
-63.9870
-51.9470
-40.0200
-28.4260
-17.6130
-8.5836
-1.4492
4.6820
9.8098
14.2690
17.9470
19.7310
20.7340
23.1870
26.6430
29.9870
34.1110
37.2330
39.4620
41.5800
43.0290
43.4750
43.4750
42.0260
40.9110
40.1310
41.1340
42.3610
43.8100
43.5870
42.1380
40.2420
37.0100
33.8880
29.6520
24.6360
17.6130
8.3606
-4.2361
-18.2820
-32.1050
-46.0390
-57.2980
-67.6650
-76.0260
-83.1600
-88.1770
-91.1870
-89.6260
-83.0490
-73.2390
-60.7540
-47.2650
-34.2230
-22.4060
-13.1540
-5.5738
0.1115
5.4623
10.0330
14.8260
18.9510
21.4030
23.5210
26.6430
31.3240
35.8950
39.1280
41.8030
42.6950
42.2490
41.1340
40.0200
39.7970
39.3510
39.3510
39.1280
40.4650
42.2490
43.8100
44.2560
42.9180
41.6920
39.3510
35.8950
30.0980
23.4100
13.7110
1.4492
-11.9280
-25.8620
-38.9050
-50.9440
-61.6460
-70.0060
-77.3640
-83.8290
-88.7340
-90.7410
-87.2850
-79.5930
-68.6690
-55.2920
-41.9150
-28.7610
-18.1700
-9.4754
-3.0098
3.0098
8.3606
13.6000
18.5050
20.5110
22.7410
24.9700
28.7610
33.5540
37.9020
40.8000
42.1380
42.0260
40.2420
38.9050
37.5670
36.8980
35.7830
36.1180
37.3440
39.1280
41.3570
44.3670
46.1510
45.8160
44.8130
41.4690
36.8980
29.7640
21.2920
10.3670
-3.3442
-17.8360
-31.8820
-44.0330
-54.8460
-64.9900
-74.2420
-82.4920
-89.0690
-92.9700
-92.4130
-86.1700
-75.8030
-62.4260
-47.2650
-32.4390
-20.4000
-11.0360
-4.5705
-0.1115
4.3475
8.6951
13.8230
18.7280
22.0720
24.5240
27.5340
32.6620
37.1210
40.3540
42.2490
42.0260
40.5770
37.6790
35.1150
32.4390
31.2130
30.9900
32.5510
35.4490
39.6850
45.0360
49.6060
51.8360
51.3900
48.3800
42.6950
35.0030
25.4160
14.3800
1.1147
-13.4880
-27.8690
-41.0230
-51.8360
-60.9770
-69.4490
-77.8100
-84.6100
-89.5140
-91.6320
-88.8460
-80.3730
-66.6620
-50.3870
-34.8920
-22.6290
-13.9340
-8.3606
-3.9016
0.6688
5.1278
9.5869
14.9380
19.7310
23.2980
26.7540
30.7670
34.0000
36.6750
37.6790
38.5700
38.3470
37.9020
36.4520
35.2260
33.6650
32.8850
32.8850
35.2260
38.4590
43.4750
47.1540
49.4950
49.6060
47.7110
43.5870
37.0100
29.0950
19.9540
9.3639
-2.8984
-16.6100
-29.5410
-42.0260
-52.2820
-61.4230
-69.7830
-78.4780
-85.6130
-91.5210
-93.0820
-87.8420
-76.5830
-61.3110
-45.1470
-31.2130
-20.0660
-11.9280
-6.4656
-2.0066
2.1180
6.1311
11.3700
16.2750
19.5080
22.2950
25.7510
30.2100
34.6690
37.5670
39.4620
40.3540
39.9080
39.3510
38.1240
36.3410
33.5540
32.2160
32.6620
35.8950
40.4650
44.9240
48.3800
51.1670
51.5010
48.7150
43.9210
37.2330
29.8750
19.9540
8.3606
-5.4623
-20.8460
-34.1110
-46.1510
-55.6260
-65.4360
-75.3570
-85.5010
-94.1960
-99.2130
-97.4290
-88.2880
-73.6850
-56.6290
-41.1340
-27.8690
-18.5050
-12.2620
-7.6918
-3.5672
1.2262
5.6852
11.3700
16.7210
20.8460
24.8590
29.7640
35.1150
39.9080
43.2520
44.5900
45.1470
43.8100
42.0260
38.7930
36.2290
33.3310
32.3280
32.8850
37.5670
43.9210
49.6060
52.9510
54.2880
53.1740
49.1600
43.5870
34.8920
24.4130
12.1510
-1.2262
-16.6100
-29.5410
-41.8030
-52.9510
-63.3180
-73.2390
-82.8260
-92.1900
-99.8820
-101.8900
-94.5310
-81.0420
-65.1010
-49.6060
-36.6750
-26.4200
-18.0590
-12.0390
-5.6852
0.0000
5.3508
11.7050
17.1670
21.2920
25.0820
29.2060
34.3340
39.4620
44.4790
48.1570
49.3830
48.3800
45.4820
42.1380
38.1240
34.2230
31.2130
29.9870
32.2160
37.4560
42.9180
47.4880
49.8290
50.6100