 Время          Pitch          Roll           X             Y              Yaw             Z		 Волнограф  
 0.000         -0.8630        -6.1142        -85.4550       -12.4650       -0.5155         10.4400       -40.9110       
 0.050          0.0120         8.3983         150.4200      -39.2150       -0.7280         39.5650       -30.0980       
 0.100         -0.0130         8.8358         156.4200      -40.4650       -0.7655         38.3150       -18.8390       
 0.150         -0.0380         9.3109         162.2900      -42.4650       -0.8280         35.6900       -8.2492        
 0.200         -0.0130         9.4733         164.1700      -43.5900       -0.8655         33.0650        1.6721        
 0.250          0.0370         9.4984         164.0400      -44.4650       -0.8905         29.8150        10.4790       
 0.300          0.1745         9.3358         160.6700      -45.5900       -0.8905         24.0650        17.7250       
 0.350          0.3620         8.9108         153.2900      -46.4650       -0.8655         17.4400        23.7440       
 0.400          0.5245         8.5108         146.2900      -47.0900       -0.8405         12.5650        29.2060       
 0.450          0.8120         7.6858         133.1700      -47.2150       -0.7530         4.6900         32.6620       
 0.500          0.9995         7.0483         122.6700      -47.3400       -0.6905        -0.4350         34.6690       
 0.550          1.2995         5.9483         104.6700      -47.2150       -0.5655        -8.4350         36.0060       
 0.600          1.4870         5.1358         91.6700       -47.0900       -0.4780        -13.6850        36.2290       
 0.650          1.7245         3.8608         70.5450       -46.7150       -0.3280        -21.3100        36.0060       
 0.700          1.8370         2.9734         55.5450       -46.4650       -0.2280        -25.5600        35.2260       
 0.750          1.9370         2.0859         40.1700       -45.9650       -0.1155        -30.0600        34.2230       
 0.800          1.9620         0.7233         16.1700       -45.2150        0.0345        -35.0600        34.0000       
 0.850          1.9120        -0.5516        -8.5800        -44.3400        0.1970        -39.4350        34.4460       
 0.900          1.8120        -1.3766        -25.3300       -43.8400        0.2970        -41.6850        35.1150       
 0.950          1.5745        -2.5517        -50.8300       -42.5900        0.4470        -44.1850        36.5640       
 1.000          1.3245        -3.2516        -67.9550       -41.7150        0.5345        -44.0600        38.3470       
 1.050          0.9370        -4.2141        -92.4550       -40.4650        0.6470        -44.6850        38.9050       
 1.100          0.6245        -4.8017        -108.3300      -39.2150        0.7095        -44.1850        41.6920       
 1.150          0.1495        -5.5641        -130.4600      -37.4650        0.7720        -42.9350        43.9210       
 1.200         -0.1630        -5.9892        -143.7100      -36.2150        0.7970        -41.6850        45.7050       
 1.250         -0.5005        -6.3891        -155.8300      -34.7150        0.7970        -39.6850        46.4850       
 1.300         -0.9505        -6.8266        -170.9600      -32.7150        0.7720        -36.8100        46.7080       
 1.350         -1.3380        -7.1516        -182.2100      -30.5900        0.7095        -33.3100        45.9280       
 1.400         -1.5505        -7.2891        -187.3300      -29.2150        0.6470        -30.6850        44.8130       
 1.450         -1.7755        -7.3766        -191.0800      -27.3400        0.5345        -26.8100        42.0260       
 1.500         -1.8505        -7.3891        -190.8300      -26.0900        0.4345        -24.1850        38.1240       
 1.550         -1.8755        -7.2516        -186.7100      -24.7150        0.2720        -19.9350        32.9970       
 1.600         -1.8255        -7.0766        -181.3300      -23.9650        0.1595        -17.1850        26.6430       
 1.650         -1.7005        -6.6641        -169.9600      -23.0900       -0.0155        -12.5600        18.8390       
 1.700         -1.5755        -6.3141        -160.2100      -22.9650       -0.1155        -9.3100         8.8065        
 1.750         -1.4255        -5.8516        -149.0800      -22.9650       -0.2280        -6.0600        -2.0066        
 1.800         -1.1630        -5.0766        -129.9600      -23.4650       -0.3655        -1.3100        -14.2690       
 1.850         -0.8880        -4.1641        -108.9600      -24.2150       -0.4780         3.3150        -27.4230       
 1.900         -0.7255        -3.5141        -94.2050       -24.9650       -0.5405         6.6900        -40.4650       
 1.950         -0.4880        -2.4267        -71.0800       -26.4650       -0.6030         11.6900       -53.3970       
 2.000         -0.3380        -1.6641        -55.2050       -27.5900       -0.6280         14.9400       -64.8780       
 2.050         -0.1505        -0.5141        -30.9550       -29.4650       -0.6530         19.5650       -75.0230       
 2.100         -0.0505         0.2734        -14.7050       -30.9650       -0.6655         22.8150       -82.7140       
 2.150          0.0120         1.4233         9.6700        -33.0900       -0.6780         27.8150       -87.7310       
 2.200          0.0370         2.1983         25.9200       -34.7150       -0.6780         30.9400       -89.7370       
 2.250          0.0620         2.9233         42.0450       -36.2150       -0.6905         33.4400       -88.4000       
 2.300          0.0620         3.9609         65.5450       -38.5900       -0.7030         36.6900       -83.9410       
 2.350         -0.0005         4.8733         87.5450       -40.7150       -0.7530         40.0650       -76.8060       
 2.400         -0.0255         5.4483         101.2900      -42.0900       -0.7780         40.8150       -67.4420       
 2.450         -0.1380         6.1483         119.7900      -43.9650       -0.8530         42.6900       -56.1830       
 2.500         -0.1755         6.5483         130.6700      -45.0900       -0.9030         42.4400       -44.7010       
 2.550         -0.2255         7.0108         144.4200      -46.8400       -0.9780         41.6900       -31.7700       
 2.600         -0.2505         7.2108         151.6700      -47.8400       -1.0405         40.9400       -19.6200       
 2.650         -0.2130         7.3108         159.5400      -49.0900       -1.1030         37.6900       -8.5836        
 2.700         -0.1380         7.2983         162.6700      -50.0900       -1.1405         35.0650        1.0033        
 2.750         -0.0380         7.1733         164.0400      -50.8400       -1.1655         31.6900        9.2524        
 2.800          0.1745         6.8358         162.6700      -51.8400       -1.1780         25.6900        16.0520       
 2.850          0.4495         6.3108         157.2900      -52.5900       -1.1530         18.9400        21.6260       
 2.900          0.6495         5.8733         151.4200      -53.0900       -1.1155         14.3150        26.3080       
 2.950          1.0120         5.0858         139.9200      -53.4650       -1.0405         5.6900         29.5410       
 3.000          1.2120         4.5108         130.1700      -53.8400       -0.9780         1.1900         31.3240       
 3.050          1.4995         3.5358         113.2900      -53.8400       -0.8530        -6.0600         32.6620       
 3.100          1.6995         2.8733         100.6700      -53.7150       -0.7655        -11.5600        33.5540       
 3.150          1.9370         1.8108         80.0450       -53.5900       -0.6155        -19.0600        34.4460       
 3.200          2.0495         1.0983         65.2950       -53.3400       -0.5155        -23.4350        34.5570       
 3.250          2.1120         0.4233         49.9200       -53.0900       -0.4155        -27.3100        34.7800       
 3.300          2.1495        -0.6017         26.0450       -52.3400       -0.2530        -32.9350        35.4490       
 3.350          2.0370        -1.5766         0.7950        -51.4650       -0.0905        -36.5600        36.1180       
 3.400          1.9120        -2.1391        -16.2050       -50.8400        0.0095        -38.6850        36.5640       
 3.450          1.7370        -2.6767        -33.4550       -50.2150        0.1095        -40.3100        37.3440       
 3.500          1.3870        -3.4016        -59.5800       -48.9650        0.2470        -41.3100        37.9020       
 3.550          0.9995        -4.0266        -85.0800       -47.4650        0.3720        -42.1850        39.1280       
 3.600          0.6745        -4.3516        -101.8300      -46.3400        0.4470        -41.5600        40.0200       
 3.650          0.1995        -4.7766        -125.2100      -44.4650        0.5220        -40.6850        41.4690       
 3.700         -0.1255        -4.9641        -139.5800      -43.4650        0.5470        -39.1850        42.1380       
 3.750         -0.4380        -5.1516        -152.5800      -41.9650        0.5720        -37.9350        43.1410       
 3.800         -0.8755        -5.3141        -169.3300      -40.0900        0.5595        -35.8100        43.5870       
 3.850         -1.2755        -5.3642        -182.4600      -38.2150        0.5220        -32.6850        43.8100       
 3.900         -1.4880        -5.3516        -188.7100      -36.9650        0.4720        -30.5600        42.5830       
 3.950         -1.7130        -5.2641        -194.3300      -35.2150        0.3720        -27.0600        40.6880       
 4.000         -1.8005        -5.1266        -195.3300      -34.2150        0.2970        -24.9350        37.1210       
 4.050         -1.8505        -4.8642        -192.7100      -33.0900        0.1595        -20.9350        32.8850       
 4.100         -1.8380        -4.6641        -188.4600      -32.3400        0.0595        -17.9350        27.2000       
 4.150         -1.7380        -4.2392        -178.0800      -31.7150       -0.0780        -13.5600        21.0690       
 4.200         -1.6130        -3.9266        -168.9600      -31.4650       -0.1780        -10.6850        13.7110       
 4.250         -1.4755        -3.5891        -158.2100      -31.3400       -0.2655        -7.6850         4.1246        
 4.300         -1.2630        -2.9766        -139.8300      -31.5900       -0.4030        -2.4350        -6.9115        
 4.350         -1.0005        -2.3391        -118.9600      -32.0900       -0.5030         2.1900        -19.7310       
 4.400         -0.8505        -1.8641        -104.0800      -32.7150       -0.5655         5.8150        -32.3280       
 4.450         -0.6005        -1.1516        -80.7050       -33.7150       -0.6280         10.6900       -44.5900       
 4.500         -0.4630        -0.6517        -64.5800       -34.4650       -0.6530         13.8150       -56.1830       
 4.550         -0.3130         0.0859        -40.2050       -35.8400       -0.6905         19.5650       -66.4390       
 4.600         -0.2005         0.5983        -23.3300       -37.0900       -0.7030         22.0650       -74.3540       
 4.650         -0.1005         1.1108        -6.5800        -37.9650       -0.7030         24.4400       -80.2620       
 4.700         -0.0505         1.8108         18.5450       -39.4650       -0.7030         29.0650       -83.4950       
 4.750         -0.0255         2.2734         35.1700       -40.4650       -0.7155         31.3150       -83.9410       
 4.800         -0.0255         2.9109         59.5450       -41.8400       -0.7280         34.5650       -81.4880       
 4.850         -0.0380         3.4983         82.7950       -43.3400       -0.7530         36.5650       -76.4720       
 4.900         -0.0755         3.8108         97.4200       -43.9650       -0.7780         37.6900       -69.0030       
 4.950         -0.1255         4.2608         117.4200      -45.4650       -0.8280         38.5650       -59.0820       
 5.000         -0.1755         4.4858         129.1700      -46.2150       -0.8655         39.0650       -47.4880       
 5.050         -0.1755         4.7358         144.6700      -47.4650       -0.9280         38.0650       -34.7800       
 5.100         -0.2005         4.8233         152.7900      -48.4650       -0.9655         37.8150       -22.2950       
 5.150         -0.1255         4.8484         162.4200      -49.5900       -1.0155         35.0650       -10.5900       
 5.200         -0.0755         4.7859         166.4200      -50.3400       -1.0405         33.3150       -0.4459        
 5.250          0.0120         4.6609         168.6700      -51.0900       -1.0530         30.6900        8.5836        
 5.300          0.1745         4.3858         168.5400      -52.3400       -1.0530         26.6900        16.0520       
 5.350          0.4370         3.9858         164.5400      -53.4650       -1.0155         20.5650        22.1840       
 5.400          0.5995         3.6608         159.2900      -54.0900       -0.9780         16.9400        26.7540       
 5.450          0.9120         3.1358         148.5400      -55.2150       -0.9030         9.9400         29.8750       
 5.500          1.1120         2.7109         139.2900      -55.5900       -0.8405         5.0650         30.9900       
 5.550          1.3995         2.0984         122.9200      -56.3400       -0.7280        -2.3100         30.5440       
 5.600          1.5870         1.6233         110.5400      -56.5900       -0.6405        -7.5600         29.5410       
 5.650          1.7745         0.9609         89.7950       -57.0900       -0.5030        -14.3100        28.3150       
 5.700          1.8745         0.5109         74.9200       -57.2150       -0.4030        -18.5600        27.3110       
 5.750          1.9620         0.0859         59.6700       -57.5900       -0.3030        -23.1850        26.0850       
 5.800          1.9995        -0.5267         35.2950       -57.4650       -0.1405        -28.5600        26.3080       
 5.850          1.9620        -1.1016         10.0450       -57.3400        0.0095        -33.6850        27.0880       
 5.900          1.8745        -1.4141        -7.2050        -57.3400        0.1095        -36.1850        27.5340       
 5.950          1.7370        -1.7391        -24.8300       -56.9650        0.2220        -37.9350        29.7640       
 6.000          1.4745        -2.1266        -51.4550       -56.4650        0.3720        -40.0600        31.8820       
 6.050          1.1495        -2.4391        -77.8300       -55.7150        0.5095        -41.3100        34.3340       
 6.100          0.9120        -2.5891        -94.9550       -55.0900        0.5970        -41.8100        37.4560       
 6.150          0.4870        -2.7641        -119.4600      -53.9650        0.6970        -41.5600        39.9080       
 6.200          0.1870        -2.8391        -134.7100      -53.0900        0.7470        -40.5600        42.8060       
 6.250         -0.1130        -2.8766        -148.9600      -52.2150        0.7845        -39.1850        44.5900       
 6.300         -0.5380        -2.9141        -167.3300      -50.5900        0.8095        -37.6850        45.7050       
 6.350         -0.9630        -2.8891        -182.3300      -49.0900        0.7845        -34.4350        44.9240       
 6.400         -1.1755        -2.8642        -189.8300      -47.9650        0.7595        -32.9350        43.8100       
 6.450         -1.3880        -2.8266        -195.5800      -46.7150        0.7095        -30.5600        41.8030       
 6.500         -1.6255        -2.7266        -199.9600      -45.2150        0.6095        -26.8100        38.7930       
 6.550         -1.7505        -2.6016        -199.4600      -43.7150        0.4720        -23.0600        34.2230       
 6.600         -1.7880        -2.5141        -196.4600      -42.7150        0.3845        -20.1850        28.9830       
 6.650         -1.7505        -2.3516        -187.9600      -41.5900        0.2345        -15.9350        23.6330       
 6.700         -1.6880        -2.2392        -179.8300      -40.8400        0.1220        -12.9350        17.2790       
 6.750         -1.5755        -2.0766        -170.0800      -40.4650        0.0095        -9.9350         9.6983        
 6.800         -1.3755        -1.8516        -152.5800      -39.7150       -0.1155        -5.3100         0.6688        
 6.850         -1.1630        -1.5891        -132.3300      -39.4650       -0.2530        -0.1850        -8.9180        
 6.900         -0.9880        -1.3641        -117.7100      -39.4650       -0.3405         3.0650        -19.3970       
 6.950         -0.8380        -1.1391        -102.4600      -39.4650       -0.4030         6.4400        -30.4330       
 7.000         -0.6130        -0.7767        -78.4550       -39.7150       -0.4780         11.3150       -42.0260       
 7.050         -0.4880        -0.5391        -61.9550       -39.8400       -0.5155         14.9400       -53.8420       
 7.100         -0.3130        -0.1266        -36.7050       -40.4650       -0.5530         19.9400       -64.9900       
 7.150         -0.2005         0.2734        -11.2050       -41.0900       -0.5780         25.3150       -75.0230       
 7.200         -0.1380         0.5358         5.7950        -41.5900       -0.5905         28.4400       -83.2720       
 7.250         -0.1005         0.7983         23.0450       -42.2150       -0.6030         31.4400       -88.5110       
 7.300         -0.0505         1.1733         48.5450       -43.2150       -0.6155         35.1900       -90.0720       
 7.350         -0.0880         1.5359         72.9200       -44.3400       -0.6405         39.3150       -87.5080       
 7.400         -0.0880         1.6484         80.9200       -44.8400       -0.6530         40.0650       -80.7080       
 7.450         -0.1255         1.9358         103.2900      -46.0900       -0.6905         42.8150       -70.5640       
 7.500         -0.1755         2.1609         123.2900      -47.2150       -0.7405         44.4400       -58.1900       
 7.550         -0.1755         2.3359         140.6700      -48.4650       -0.7905         44.3150       -43.5870       
 7.600         -0.1880         2.4109         150.4200      -49.3400       -0.8280         44.0650       -29.3180       
 7.650         -0.1630         2.4858         161.9200      -50.5900       -0.8780         42.4400       -15.4950       
 7.700         -0.1005         2.4734         167.5400      -51.3400       -0.9030         40.4400       -3.4557        
 7.750         -0.0130         2.4358         171.1700      -52.0900       -0.9155         37.4400        7.5803        
 7.800          0.1370         2.3484         173.1700      -53.3400       -0.9405         32.5650        16.3870       
 7.850          0.3495         2.2234         170.7900      -54.7150       -0.9405         26.3150        22.0720       
 7.900          0.5120         2.0984         166.9200      -55.4650       -0.9280         21.5650        25.3050       
 7.950          0.7245         1.9609         161.2900      -56.0900       -0.9030         15.6900        26.6430       
 8.000          0.9870         1.7109         149.2900      -57.2150       -0.8530         7.8150         26.0850       
 8.050          1.2870         1.4609         134.1700      -58.2150       -0.7780        -1.1850         23.9670       
 8.100          1.4870         1.3109         122.2900      -58.9650       -0.7155        -7.1850         21.5150       
 8.150          1.7245         1.0358         102.2900      -59.8400       -0.6155        -15.4350        20.0660       
 8.200          1.8120         0.8483         87.5450       -60.2150       -0.5280        -19.6850        19.8430       
 8.250          1.9495         0.6608         72.5450       -60.7150       -0.4405        -25.1850        20.9570       
 8.300          2.0245         0.4108         48.4200       -61.3400       -0.2905        -31.1850        23.0750       
 8.350          2.0495         0.1733         23.0450       -61.7150       -0.1280        -36.3100        26.6430       
 8.400          1.9745         0.0358         5.5450        -61.8400       -0.0155        -38.4350        31.7700       
 8.450          1.9120        -0.0641        -11.9550       -61.8400        0.0845        -40.9350        37.0100       
 8.500          1.6870        -0.2016        -39.0800       -61.7150        0.2595        -42.8100        42.1380       
 8.550          1.3745        -0.3142        -66.2050       -61.0900        0.4220        -43.6850        45.5930       
 8.600          1.1495        -0.3641        -83.9550       -60.7150        0.5220        -44.4350        47.7110       
 8.650          0.7245        -0.4017        -109.8300      -59.7150        0.6470        -43.8100        49.2720       
 8.700          0.4120        -0.4266        -126.0800      -58.9650        0.7095        -42.9350        49.0490       
 8.750          0.0745        -0.4391        -141.5800      -57.9650        0.7595        -41.5600        48.3800       
 8.800         -0.3755        -0.4391        -161.8300      -56.4650        0.7970        -40.4350        46.5970       
 8.850         -0.8505        -0.4516        -179.0800      -54.7150        0.7845        -37.5600        44.7010       
 8.900         -1.1130        -0.4642        -188.2100      -53.4650        0.7470        -36.0600        42.0260       
 8.950         -1.3755        -0.4766        -195.5800      -52.2150        0.6970        -33.5600        38.9050       
 9.000         -1.6380        -0.5141        -202.3300      -50.3400        0.5845        -31.0600        36.0060       
 9.050         -1.8255        -0.5641        -204.2100      -48.4650        0.4470        -26.9350        32.6620       
 9.100         -1.9005        -0.6266        -202.8300      -47.2150        0.3470        -23.9350        29.0950       
 9.150         -1.8880        -0.6642        -198.8300      -46.0900        0.2345        -21.5600        25.4160       
 9.200         -1.8255        -0.7641        -189.3300      -44.4650        0.0595        -16.5600        20.0660       
 9.250         -1.7380        -0.8016        -180.5800      -43.5900       -0.0530        -13.0600        13.9340       
 9.300         -1.5380        -0.8641        -164.0800      -42.3400       -0.2280        -7.8100         6.2426        
 9.350         -1.3130        -0.9516        -144.5800      -41.3400       -0.3905        -1.9350        -2.4525        
 9.400         -1.1380        -0.9767        -130.3300      -40.7150       -0.4780         1.9400        -12.1510       
 9.450         -0.9630        -1.0016        -115.0800      -40.4650       -0.5655         6.0650        -23.5210       
 9.500         -0.7005        -1.0016        -91.0800       -40.2150       -0.6655         11.8150       -36.4520       
 9.550         -0.4630        -1.0016        -65.9550       -40.0900       -0.7530         17.4400       -50.2750       
 9.600         -0.3380        -0.9891        -48.9550       -40.2150       -0.7905         21.5650       -63.7640       
 9.650         -0.2380        -0.9266        -31.8300       -40.5900       -0.8280         25.6900       -76.3600       
 9.700         -0.0755        -0.9017        -5.7050        -40.8400       -0.8530         30.6900       -86.1700       
 9.750         -0.0005        -0.8392         11.6700       -41.3400       -0.8780         33.4400       -92.6360       
 9.800          0.0620        -0.7142         37.6700       -42.3400       -0.9030         37.4400       -95.2000       
 9.850          0.0870        -0.6141         62.9200       -43.0900       -0.9155         40.5650       -92.4130       
 9.900          0.0495        -0.5391         78.9200       -43.5900       -0.9405         42.9400       -84.4980       
 9.950          0.0495        -0.3891         94.4200       -44.5900       -0.9655         43.5650       -73.2390       
 10.000         0.0120        -0.2641         115.5400      -45.5900       -1.0030         44.3150       -60.1960       
 10.050        -0.0630        -0.0892         134.0400      -46.7150       -1.0530         44.4400       -45.7050       
 10.100        -0.1255         0.0109         144.5400      -47.3400       -1.0780         44.1900       -31.4360       
 10.150        -0.1380         0.1233         153.7900      -48.2150       -1.1155         42.5650       -18.3930       
 10.200        -0.1380         0.2858         164.2900      -49.4650       -1.1655         39.5650       -7.1344        
 10.250        -0.1130         0.3733         169.1700      -50.2150       -1.1905         36.6900        1.4492        
 10.300        -0.0130         0.4983         173.0400      -51.3400       -1.2155         31.6900        7.4688        
 10.350         0.1620         0.6484         172.6700      -52.5900       -1.2155         24.9400        11.7050       
 10.400         0.3120         0.7233         170.0400      -53.4650       -1.2030         20.4400        14.3800       
 10.450         0.4495         0.7983         165.4200      -54.2150       -1.1780         16.0650        16.4980       
 10.500         0.7245         0.8984         155.2900      -55.4650       -1.1155         8.6900         19.7310       
 10.550         1.0370         1.0234         141.5400      -56.7150       -1.0280         0.6900         22.5180       
 10.600         1.2245         1.0859         130.6700      -57.5900       -0.9530        -4.1850         24.0790       
 10.650         1.4370         1.1358         118.5400      -58.2150       -0.8655        -9.6850         25.5280       
 10.700         1.6995         1.2608         98.4200       -59.3400       -0.7030        -16.9350        27.0880       
 10.750         1.8370         1.3233         83.7950       -59.8400       -0.5905        -21.3100        28.6490       
 10.800         2.0120         1.4359         60.6700       -60.7150       -0.4030        -27.8100        29.9870       
 10.850         2.0620         1.5484         36.0450       -61.0900       -0.1780        -32.5600        31.8820       
 10.900         2.0370         1.6233         19.0450       -61.3400       -0.0405        -35.0600        34.0000       
 10.950         1.9870         1.7234         1.6700        -61.4650        0.0970        -37.5600        36.7870       
 11.000         1.7995         1.8609        -24.7050       -61.5900        0.3220        -39.8100        38.9050       
 11.050         1.5120         1.9859        -51.5800       -61.2150        0.5345        -41.3100        40.4650       
 11.100         1.2745         2.0483        -69.4550       -60.7150        0.6720        -41.8100        42.1380       
 11.150         0.9995         2.0984        -87.0800       -60.2150        0.7845        -41.8100        43.8100       
 11.200         0.5245         2.1609        -112.4600      -59.2150        0.9220        -41.1850        46.2620       
 11.250         0.2245         2.1983        -128.2100      -58.5900        0.9970        -41.0600        47.3770       
 11.300        -0.2630         2.1609        -149.9600      -56.9650        1.0595        -39.6850        48.0460       
 11.350        -0.7630         2.0859        -168.7100      -55.4650        1.0720        -37.1850        46.8190       
 11.400        -1.0380         1.9859        -179.0800      -54.3400        1.0470        -35.8100        44.9240       
 11.450        -1.3005         1.8609        -187.7100      -53.0900        0.9970        -33.9350        42.1380       
 11.500        -1.6005         1.5984        -196.8300      -51.0900        0.8970        -31.1850        39.2390       
 11.550        -1.8130         1.2734        -201.2100      -49.0900        0.7595        -27.4350        36.0060       
 11.600        -1.8755         1.0234        -201.2100      -47.8400        0.6470        -24.8100        32.8850       
 11.650        -1.8880         0.7483        -199.2100      -46.4650        0.5345        -22.1850        28.9830       
 11.700        -1.8255         0.2984        -191.9600      -44.4650        0.3345        -17.8100        24.5240       
 11.750        -1.7130        -0.0017        -184.5800      -43.2150        0.2095        -14.9350        18.9510       
 11.800        -1.5255        -0.4642        -170.3300      -41.7150        0.0095        -9.6850         11.3700       
 11.850        -1.2755        -0.9266        -152.5800      -40.2150       -0.1780        -4.4350         2.6754        
 11.900        -1.1130        -1.2141        -139.2100      -39.7150       -0.2905        -0.6850        -8.5836        
 11.950        -0.9130        -1.5141        -124.9600      -38.9650       -0.3905         2.5650        -21.0690       
 12.000        -0.6755        -1.9141        -102.3300      -38.3400       -0.5280         8.6900        -34.5570       
 12.050        -0.4130        -2.2641        -78.3300       -37.9650       -0.6280         13.6900       -47.3770       
 12.100        -0.2880        -2.4766        -61.9550       -37.8400       -0.6780         17.4400       -59.3050       
 12.150        -0.1505        -2.6516        -45.4550       -37.9650       -0.7155         20.8150       -69.7830       
 12.200        -0.0380        -2.8891        -20.3300       -37.9650       -0.7530         26.1900       -78.5900       
 12.250         0.0370        -3.0016        -3.5800        -38.2150       -0.7655         28.8150       -85.5010       
 12.300         0.1120        -3.1016         21.5450       -38.8400       -0.7780         32.6900       -88.0650       
 12.350         0.0995        -3.1266         46.2950       -39.5900       -0.8030         36.5650       -87.1730       
 12.400         0.0870        -3.0766         62.4200       -40.0900       -0.8155         38.3150       -82.0460       
 12.450         0.0370        -2.9892         77.9200       -40.7150       -0.8280         40.0650       -74.8000       
 12.500        -0.0130        -2.8141         99.6700       -41.5900       -0.8655         41.4400       -65.3240       
 12.550        -0.1380        -2.5266         119.2900      -42.9650       -0.9155         42.8150       -54.4000       
 12.600        -0.1880        -2.3266         130.7900      -43.4650       -0.9530         42.6900       -42.6950       
 12.650        -0.2505        -2.1016         141.0400      -44.3400       -0.9905         42.3150       -30.5440       
 12.700        -0.3005        -1.6891         153.5400      -45.4650       -1.0280         40.6900       -19.2850       
 12.750        -0.2630        -1.4141         160.1700      -46.3400       -1.0655         38.1900       -8.2492        
 12.800        -0.2130        -0.9516         166.4200      -47.7150       -1.0905         35.0650        0.4459        
 12.850        -0.0630        -0.4766         168.9200      -49.0900       -1.0905         29.9400        7.9147        
 12.900         0.0495        -0.1391         168.0400      -50.0900       -1.0780         26.5650        13.7110       
 12.950         0.2495         0.1984         165.7900      -51.0900       -1.0530         21.6900        17.1670       
 13.000         0.5620         0.7109         158.6700      -52.7150       -1.0030         14.5650        20.1770       
 13.050         0.9120         1.2233         147.5400      -54.0900       -0.9155         6.8150         21.6260       
 13.100         1.1370         1.5484         138.4200      -54.9650       -0.8405         1.5650         22.1840       
 13.150         1.3495         1.8984         127.7900      -56.0900       -0.7655        -3.4350         22.4060       
 13.200         1.6870         2.3858         109.6700      -57.3400       -0.6155        -11.9350        23.1870       
 13.250         1.8370         2.6733         96.1700       -57.8400       -0.5030        -16.5600        24.3020       
 13.300         2.0245         3.0984         74.5450       -58.8400       -0.3280        -23.4350        26.7540       
 13.350         2.1495         3.4983         51.2950       -59.3400       -0.1280        -29.9350        29.3180       
 13.400         2.1495         3.7608         35.1700       -59.8400       -0.0155        -33.3100        34.0000       
 13.450         2.0995         3.9609         18.2950       -59.8400        0.1345        -36.0600        38.2360       
 13.500         1.9245         4.2733        -7.3300        -59.9650        0.3345        -39.0600        42.3610       
 13.550         1.6620         4.5233        -33.5800       -59.5900        0.5345        -41.3100        45.3700       
 13.600         1.4370         4.6609        -51.2050       -59.2150        0.6595        -42.1850        46.4850       
 13.650         1.1745         4.7483        -68.9550       -58.5900        0.7720        -42.6850        47.1540       
 13.700         0.7370         4.8233        -94.7050       -57.5900        0.9220        -42.6850        46.7080       
 13.750         0.3995         4.8108        -111.2100      -56.7150        0.9845        -41.8100        46.1510       
 13.800        -0.0755         4.6983        -134.2100      -55.2150        1.0595        -40.1850        44.3670       
 13.850        -0.5630         4.4858        -154.5800      -53.4650        1.0845        -38.1850        43.1410       
 13.900        -0.8505         4.2733        -166.4600      -52.2150        1.0595        -36.6850        41.6920       
 13.950        -1.1380         3.9858        -176.7100      -50.7150        1.0220        -34.1850        40.9110       
 14.000        -1.4755         3.4733        -188.5800      -48.5900        0.9220        -30.9350        39.5740       
 14.050        -1.7005         2.8233        -195.8300      -46.0900        0.7845        -27.4350        38.1240       
 14.100        -1.7880         2.3484        -198.0800      -44.5900        0.6720        -24.9350        35.5610       
 14.150        -1.8255         1.8359        -198.0800      -43.0900        0.5470        -22.1850        32.5510       
 14.200        -1.8005         0.9983        -194.0800      -40.7150        0.3470        -17.9350        28.2030       
 14.250        -1.7255         0.4108        -188.7100      -39.2150        0.2095        -15.0600        22.9640       
 14.300        -1.5630        -0.4391        -177.3300      -37.4650       -0.0155        -10.3100        16.4980       
 14.350        -1.3255        -1.3141        -161.9600      -35.7150       -0.2030        -5.6850         8.6951        
 14.400        -1.1505        -1.8891        -149.9600      -34.7150       -0.3405        -2.6850        -0.1115        
 14.450        -1.0005        -2.4141        -136.9600      -33.9650       -0.4530         0.8150        -11.3700       
 14.500        -0.7380        -3.1641        -115.8300      -33.0900       -0.6030         5.6900        -23.9670       
 14.550        -0.5255        -3.8266        -93.3300       -32.5900       -0.7280         11.0650       -37.5670       
 14.600        -0.3630        -4.2266        -77.5800       -32.2150       -0.7780         13.9400       -51.0560       
 14.650        -0.2630        -4.5641        -61.7050       -32.2150       -0.8280         17.6900       -64.5440       
 14.700        -0.1130        -4.9892        -37.4550       -32.2150       -0.8780         22.3150       -75.0230       
 14.750        -0.0630        -5.2266        -21.0800       -32.2150       -0.8905         25.5650       -83.0490       
 14.800         0.0120        -5.4516         3.4200        -32.5900       -0.9155         29.4400       -87.7310       
 14.850         0.0120        -5.4892         28.0450       -33.3400       -0.9280         33.4400       -88.8460       
 14.900        -0.0005        -5.4516         44.1700       -33.9650       -0.9530         35.9400       -86.2820       
 14.950        -0.0130        -5.3391         60.0450       -34.5900       -0.9655         37.3150       -80.0390       
 15.000        -0.1255        -5.0641         82.6700       -35.7150       -1.0030         40.6900       -71.5670       
 15.050        -0.2005        -4.6142         103.6700      -37.0900       -1.0405         41.5650       -60.8650       
 15.100        -0.2880        -4.2392         116.4200      -38.2150       -1.0655         42.6900       -49.4950       
 15.150        -0.3380        -3.8391         128.0400      -39.2150       -1.0905         42.4400       -37.7900       
 15.200        -0.4005        -3.1391         142.7900      -40.5900       -1.1280         42.0650       -25.6390       
 15.250        -0.3755        -2.6391         151.1700      -41.5900       -1.1405         39.9400       -15.1610       
 15.300        -0.3005        -1.8266         160.2900      -43.0900       -1.1530         36.8150       -6.4656        
 15.350        -0.1255        -0.9266         165.6700      -44.8400       -1.1530         32.0650        0.8918        
 15.400         0.0120        -0.3392         166.9200      -45.8400       -1.1405         28.5650        6.6885        
 15.450         0.1745         0.2608         166.2900      -47.0900       -1.1155         24.6900        11.1480       
 15.500         0.5245         1.1608         162.2900      -48.7150       -1.0530         17.0650        15.4950       
 15.550         0.8995         2.0733         154.1700      -50.2150       -0.9780         8.8150         19.9540       
 15.600         1.1120         2.6484         146.4200      -51.2150       -0.9155         3.6900         23.2980       
 15.650         1.3495         3.2358         137.4200      -52.2150       -0.8280        -1.8100         25.8620       
 15.700         1.6995         4.0359         121.2900      -53.2150       -0.6905        -10.8100        27.9800       
 15.750         1.8370         4.5359         108.7900      -53.9650       -0.5905        -15.1850        30.3210       
 15.800         2.0120         5.0233         95.6700       -54.4650       -0.4655        -21.0600        33.1080       
 15.850         2.1370         5.8608         66.4200       -55.0900       -0.2155        -29.1850        36.0060       
 15.900         2.1495         6.2358         50.5450       -55.3400       -0.0780        -32.6850        38.3470       
 15.950         2.1370         6.5608         34.4200       -55.3400        0.0470        -36.1850        41.0230       
 16.000         1.9870         6.9734         9.2950        -55.3400        0.2720        -39.4350        42.3610       
 16.050         1.7245         7.2733        -16.5800       -54.9650        0.4845        -41.1850        42.6950       
 16.100         1.5370         7.4233        -34.0800       -54.7150        0.6220        -42.3100        42.3610       
 16.150         1.2995         7.4983        -51.8300       -54.2150        0.7470        -42.4350        41.6920       
 16.200         0.8745         7.4858        -78.0800       -53.3400        0.9095        -41.5600        42.0260       
 16.250         0.5495         7.3983        -95.2050       -52.7150        1.0095        -40.1850        42.2490       
 16.300         0.0870         7.1108        -119.3300      -51.3400        1.1095        -38.5600        42.5830       
 16.350        -0.3505         6.6609        -141.3300      -49.7150        1.1595        -36.5600        42.5830       
 16.400        -0.6505         6.2483        -154.5800      -48.7150        1.1595        -34.4350        42.4720       
 16.450        -0.9380         5.7608        -166.2100      -47.3400        1.1470        -32.1850        42.0260       
 16.500        -1.2755         4.8983        -180.4600      -45.3400        1.0720        -29.3100        41.4690       
 16.550        -1.5380         3.8733        -190.4600      -42.9650        0.9470        -26.1850        39.1280       
 16.600        -1.6505         3.1233        -194.5800      -41.3400        0.8470        -24.3100        36.5640       
 16.650        -1.7505         2.3233        -196.5800      -39.7150        0.7220        -21.8100        33.2200       
 16.700        -1.7630         1.0733        -195.4600      -37.3400        0.5095        -18.6850        29.6520       
 16.750        -1.7380         0.2109        -192.0800      -35.7150        0.3595        -16.3100        25.6390       
 16.800        -1.6380        -1.0391        -183.2100      -33.5900        0.1220        -12.3100        19.7310       
 16.850        -1.4630        -2.2891        -170.2100      -31.5900       -0.1030        -8.6850         13.1540       
 16.900        -1.3255        -3.0891        -159.5800      -30.4650       -0.2655        -5.9350         4.0131        
 16.950        -1.1505        -3.8641        -147.5800      -29.3400       -0.4030        -3.4350        -7.9147        
 17.000        -0.9380        -4.8891        -127.9600      -27.9650       -0.5780         1.6900        -22.4060       
 17.050        -0.6755        -5.8017        -106.2100      -26.9650       -0.7280         5.9400        -36.4520       
 17.100        -0.6130        -6.0766        -98.7050       -26.7150       -0.7655         7.6900        -49.6060       
 17.150        -0.3255        -6.9766        -67.7050       -25.9650       -0.8905         14.0650       -60.7540       
 17.200        -0.2005        -7.3266        -51.8300       -25.5900       -0.9280         17.1900       -70.4520       
 17.250        -0.0755        -7.5641        -35.5800       -25.7150       -0.9655         19.9400       -78.1440       
 17.300         0.0120        -7.7892        -11.3300       -25.7150       -0.9905         25.0650       -83.7180       
 17.350         0.0495        -7.7641         12.9200       -26.2150       -1.0030         29.4400       -86.9510       
 17.400         0.0495        -7.6517         29.1700       -26.5900       -1.0155         31.9400       -86.2820       
 17.450         0.0495        -7.3891         45.2950       -27.4650       -1.0155         34.0650       -81.9340       
 17.500        -0.0380        -6.8766         68.4200       -28.4650       -1.0280         37.9400       -74.2420       
 17.550        -0.1255        -6.1641         90.1700       -29.8400       -1.0280         40.0650       -64.4330       
 17.600        -0.1880        -5.6142         103.7900      -30.7150       -1.0405         41.0650       -52.9510       
 17.650        -0.2755        -4.9391         116.1700      -31.9650       -1.0530         42.0650       -41.0230       
 17.700        -0.3505        -3.9016         132.6700      -33.4650       -1.0530         41.8150       -29.7640       
 17.750        -0.3630        -3.1516         142.0400      -34.5900       -1.0655         40.6900       -18.9510       
 17.800        -0.3505        -1.9516         153.1700      -36.3400       -1.0655         38.8150       -9.3639        
 17.850        -0.2755        -0.7016         160.6700      -38.0900       -1.0655         35.6900       -1.3377        
 17.900        -0.1255         0.1484         163.7900      -39.3400       -1.0655         31.8150        5.2393        
 17.950         0.0120         0.9983         164.7900      -40.5900       -1.0530         28.4400        11.4820       
 18.000         0.2745         2.2109         163.0400      -42.2150       -1.0030         22.3150        15.6060       
 18.050         0.6495         3.4233         157.5400      -43.9650       -0.9405         14.0650        19.2850       
 18.100         0.8745         4.1609         151.5400      -44.9650       -0.8780         9.0650         22.7410       
 18.150         1.0995         4.9109         143.9200      -46.0900       -0.8155         3.6900         24.6360       
 18.200         1.4495         5.8983         129.9200      -47.3400       -0.6905        -4.8100         24.5240       
 18.250         1.6245         6.4983         118.7900      -47.9650       -0.5905        -9.8100         25.3050       
 18.300         1.8870         7.3108         100.1700      -48.9650       -0.4155        -17.9350        27.2000       
 18.350         2.0370         8.0108         79.4200       -49.7150       -0.2280        -24.5600        29.8750       
 18.400         2.0995         8.3734         64.5450       -49.9650       -0.0905        -28.8100        33.4430       
 18.450         2.1120         8.6859         49.0450       -50.3400        0.0470        -31.9350        36.8980       
 18.500         2.0745         9.0358         24.9200       -50.3400        0.2720        -36.5600        39.6850       
 18.550         2.0120         9.1859         8.2950        -50.2150        0.4220        -39.0600        41.6920       
 18.600         1.7745         9.2858        -17.3300       -49.9650        0.6470        -40.8100        42.3610       
 18.650         1.5745         9.2233        -34.7050       -49.4650        0.7845        -41.3100        42.8060       
 18.700         1.2120         9.0233        -60.9550       -48.8400        0.9720        -41.6850        42.6950       
 18.750         0.9245         8.7983        -78.3300       -48.0900        1.0720        -41.1850        42.1380       
 18.800         0.4745         8.2484        -103.4600      -46.7150        1.1845        -40.3100        40.5770       
 18.850        -0.0005         7.5233        -126.7100      -45.0900        1.2470        -38.9350        40.8000       
 18.900        -0.3505         6.8983        -140.9600      -43.8400        1.2470        -37.1850        41.4690       
 18.950        -0.6630         6.2108        -153.9600      -42.5900        1.2220        -35.6850        42.2490       
 19.000        -1.1005         5.0233        -170.4600      -40.3400        1.1220        -33.4350        41.9150       
 19.050        -1.4755         3.6733        -183.0800      -37.8400        0.9845        -30.5600        40.3540       
 19.100        -1.6630         2.7234        -188.9600      -36.2150        0.8595        -28.8100        37.6790       
 19.150        -1.8005         1.7109        -192.8300      -34.3400        0.7095        -27.0600        35.1150       
 19.200        -1.9130         0.1608        -194.7100      -31.7150        0.4720        -23.6850        32.7740       
 19.250        -1.9505        -0.8641        -193.3300      -29.8400        0.3095        -20.8100        29.0950       
 19.300        -1.8630        -2.3891        -187.0800      -27.3400        0.0595        -17.3100        24.6360       
 19.350        -1.6755        -3.8516        -176.5800      -24.8400       -0.1780        -13.6850        17.9470       
 19.400        -1.5255        -4.7641        -167.4600      -23.3400       -0.3280        -10.8100        9.6983        
 19.450        -1.3505        -5.6016        -156.8300      -22.0900       -0.4655        -7.4350        -1.2262        
 19.500        -1.0380        -6.7516        -138.3300      -20.4650       -0.6530        -3.3100        -13.7110       
 19.550        -0.7380        -7.7142        -117.9600      -18.9650       -0.8030         1.4400        -26.8650       
 19.600        -0.5380        -8.2516        -103.4600      -18.2150       -0.8905         4.4400        -39.1280       
 19.650        -0.3630        -8.7016        -88.4550       -17.5900       -0.9530         7.8150        -49.9410       
 19.700        -0.1380        -9.1516        -65.3300       -17.0900       -1.0155         12.8150       -59.5280       
 19.750        -0.0255        -9.3517        -49.5800       -16.9650       -1.0530         16.1900       -68.5570       
 19.800         0.0495        -9.4267        -25.9550       -17.0900       -1.0780         21.9400       -76.3600       
 19.850         0.0870        -9.2516        -1.9550        -17.7150       -1.0780         26.9400       -82.3800       
 19.900         0.1120        -9.1516         6.1700        -17.9650       -1.0780         27.9400       -85.5010       
 19.950         0.0495        -8.6266         30.0450       -19.3400       -1.0780         33.0650       -85.2780       
 20.000        -0.0255        -7.8891         53.4200       -20.8400       -1.0780         37.1900       -80.9310       
 20.050        -0.1630        -6.9267         75.9200       -22.5900       -1.0780         40.6900       -73.7960       
 20.100        -0.2755        -6.1767         89.9200       -23.8400       -1.0905         42.9400       -63.9870       
 20.150        -0.3755        -5.3516         103.0400      -25.0900       -1.0905         44.5650       -51.9470       
 20.200        -0.4630        -4.0391         121.0400      -26.9650       -1.1030         45.1900       -40.0200       
 20.250        -0.5005        -3.0641         131.4200      -28.3400       -1.1155         45.1900       -28.4260       
 20.300        -0.5005        -2.0891         140.6700      -29.5900       -1.1155         44.3150       -17.6130       
 20.350        -0.4005        -0.1016         154.4200      -32.0900       -1.1280         40.9400       -8.5836        
 20.400        -0.2880         0.9108         158.7900      -33.5900       -1.1280         38.1900       -1.4492        
 20.450        -0.1130         1.8858         161.6700      -34.8400       -1.1280         34.3150        4.6820        
 20.500         0.1995         3.3233         162.7900      -36.8400       -1.0905         27.1900        9.8098        
 20.550         0.4245         4.2234         161.0400      -38.2150       -1.0655         22.3150        14.2690       
 20.600         0.7870         5.4983         155.1700      -40.2150       -1.0030         14.5650        17.9470       
 20.650         1.0495         6.2733         149.0400      -41.4650       -0.9405         8.5650         19.7310       
 20.700         1.4245         7.2983         137.0400      -42.9650       -0.8280        -0.5600         20.7340       
 20.750         1.6620         7.9109         127.2900      -43.9650       -0.7405        -6.6850         23.1870       
 20.800         1.9495         8.6983         110.1700      -45.0900       -0.5780        -15.4350        26.6430       
 20.850         2.0870         9.1234         97.2950       -45.8400       -0.4530        -20.6850        29.9870       
 20.900         2.2370         9.6234         76.2950       -46.4650       -0.2530        -28.0600        34.1110       
 20.950         2.2620         9.8358         61.1700       -46.8400       -0.1155        -31.9350        37.2330       
 21.000         2.2245         10.0360        37.2950       -46.9650        0.0970        -37.0600        39.4620       
 21.050         2.0745         10.0110        12.4200       -46.8400        0.3220        -40.5600        41.5800       
 21.100         1.9245         9.9108        -4.5800        -46.5900        0.4595        -42.6850        43.0290       
 21.150         1.7245         9.7108        -21.9550       -46.2150        0.6095        -44.0600        43.4750       
 21.200         1.3495         9.2484        -48.3300       -45.3400        0.7970        -45.1850        43.4750       
 21.250         1.0495         8.8608        -65.8300       -44.8400        0.8970        -45.3100        42.0260       
 21.300         0.5495         8.0733        -91.5800       -43.5900        1.0220        -44.4350        40.9110       
 21.350         0.0120         7.0858        -115.8300      -42.0900        1.0845        -42.6850        40.1310       
 21.400        -0.3380         6.3484        -130.8300      -40.9650        1.1095        -41.4350        41.1340       
 21.450        -0.6630         5.5483        -144.5800      -39.8400        1.0970        -40.0600        42.3610       
 21.500        -1.1380         4.1983        -162.7100      -37.7150        1.0470        -37.1850        43.8100       
 21.550        -1.5380         2.7358        -177.0800      -35.3400        0.9345        -33.8100        43.5870       
 21.600        -1.7255         1.7109        -184.3300      -33.7150        0.8345        -31.8100        42.1380       
 21.650        -1.8880         0.6484        -189.5800      -31.9650        0.7220        -29.3100        40.2420       
 21.700        -1.9755        -0.9142        -193.0800      -29.3400        0.5345        -26.1850        37.0100       
 21.750        -1.9880        -1.9641        -192.9600      -27.5900        0.3845        -23.6850        33.8880       
 21.800        -1.8880        -3.4891        -188.5800      -25.0900        0.1720        -20.0600        29.6520       
 21.850        -1.7255        -4.9267        -179.8300      -22.5900       -0.0405        -15.4350        24.6360       
 21.900        -1.5380        -5.8141        -171.5800      -21.2150       -0.1905        -13.1850        17.6130       
 21.950        -1.3630        -6.6266        -161.8300      -19.8400       -0.3280        -10.0600        8.3606        
 22.000        -1.0755        -7.7016        -144.8300      -17.9650       -0.5155        -5.0600        -4.2361        
 22.050        -0.7630        -8.5766        -125.0800      -16.7150       -0.6655        -0.5600        -18.2820       
 22.100        -0.5755        -9.0266        -111.2100      -15.9650       -0.7530         2.8150        -32.1050       
 22.150        -0.4130        -9.3766        -96.7050       -15.5900       -0.8155         6.5650        -46.0390       
 22.200        -0.2005        -9.7267        -74.2050       -15.2150       -0.8905         12.3150       -57.2980       
 22.250        -0.0755        -9.8017        -58.7050       -15.4650       -0.9155         15.9400       -67.6650       
 22.300         0.0495        -9.7141        -35.3300       -16.0900       -0.9530         21.3150       -76.0260       
 22.350         0.1370        -9.3766        -11.4550       -17.2150       -0.9530         25.9400       -83.1600       
 22.400         0.1245        -9.0016         4.0450        -17.9650       -0.9530         29.6900       -88.1770       
 22.450         0.0995        -8.4892         19.7950       -19.2150       -0.9530         32.9400       -91.1870       
 22.500         0.0120        -7.5517         43.0450       -20.8400       -0.9530         37.6900       -89.6260       
 22.550        -0.0880        -6.4141         65.5450       -22.5900       -0.9405         41.0650       -83.0490       
 22.600        -0.1880        -5.5641         79.7950       -23.7150       -0.9405         43.0650       -73.2390       
 22.650        -0.2505        -4.6142         93.5450       -25.0900       -0.9530         43.8150       -60.7540       
 22.700        -0.3880        -3.1142         111.9200      -26.8400       -0.9530         45.5650       -47.2650       
 22.750        -0.4255        -2.0517         123.0400      -28.3400       -0.9655         45.1900       -34.2230       
 22.800        -0.4880        -0.4891         137.1700      -29.9650       -0.9905         44.5650       -22.4060       
 22.850        -0.4255         1.0983         148.0400      -31.9650       -1.0030         41.9400       -13.1540       
 22.900        -0.3255         2.0984         153.4200      -33.0900       -1.0030         39.0650       -5.5738        
 22.950        -0.1505         3.1233         157.2900      -34.4650       -1.0030         35.0650        0.1115        
 23.000         0.0870         4.4983         159.6700      -36.3400       -0.9905         29.6900        5.4623        
 23.050         0.4370         5.7859         158.1700      -38.2150       -0.9405         22.3150        10.0330       
 23.100         0.6870         6.5608         155.0400      -39.4650       -0.8905         17.1900        14.8260       
 23.150         0.9620         7.2608         150.0400      -40.5900       -0.8280         11.0650        18.9510       
 23.200         1.3370         8.1358         139.6700      -42.0900       -0.7280         2.4400         21.4030       
 23.250         1.5495         8.6108         130.6700      -42.9650       -0.6405        -2.9350         23.5210       
 23.300         1.8370         9.1983         114.6700      -44.2150       -0.4905        -11.3100        26.6430       
 23.350         2.0370         9.5733         96.1700       -45.2150       -0.3280        -19.5600        31.3240       
 23.400         2.1495         9.6859         82.7950       -45.4650       -0.2030        -25.0600        35.8950       
 23.450         2.1495         9.7484         68.2950       -45.8400       -0.0780        -28.8100        39.1280       
 23.500         2.1370         9.6859         45.5450       -46.0900        0.1095        -35.0600        41.8030       
 23.550         1.9995         9.4483         21.6700       -46.2150        0.2970        -39.4350        42.6950       
 23.600         1.8620         9.1983         5.1700        -45.9650        0.4220        -42.0600        42.2490       
 23.650         1.6745         8.8608        -11.4550       -45.7150        0.5470        -43.6850        41.1340       
 23.700         1.3245         8.2608        -37.0800       -45.0900        0.7220        -44.9350        40.0200       
 23.750         1.0370         7.7733        -54.2050       -44.4650        0.8220        -44.9350        39.7970       
 23.800         0.6120         6.9109        -79.4550       -43.4650        0.9470        -44.8100        39.3510       
 23.850         0.1370         5.9233        -103.7100      -42.0900        1.0470        -43.5600        39.3510       
 23.900        -0.1880         5.1983        -118.9600      -41.0900        1.0845        -41.9350        39.1280       
 23.950        -0.4630         4.4109        -132.8300      -39.9650        1.0970        -41.1850        40.4650       
 24.000        -0.9130         3.1484        -151.7100      -38.0900        1.0720        -38.1850        42.2490       
 24.050        -1.2880         1.7859        -167.2100      -35.7150        1.0095        -35.5600        43.8100       
 24.100        -1.5005         0.8359        -175.3300      -33.9650        0.9470        -33.3100        44.2560       
 24.150        -1.6505        -0.1016        -181.4600      -32.4650        0.8470        -31.4350        42.9180       
 24.200        -1.8255        -1.5766        -186.9600      -29.7150        0.6845        -27.9350        41.6920       
 24.250        -1.8755        -2.5141        -188.2100      -27.9650        0.5470        -25.4350        39.3510       
 24.300        -1.8505        -3.9016        -185.9600      -25.2150        0.3345        -21.8100        35.8950       
 24.350        -1.7505        -5.2016        -179.3300      -22.8400        0.1095        -17.4350        30.0980       
 24.400        -1.6130        -5.9892        -172.4600      -21.5900       -0.0405        -14.9350        23.4100       
 24.450        -1.4755        -6.7141        -164.2100      -20.2150       -0.1905        -11.4350        13.7110       
 24.500        -1.2005        -7.6642        -148.8300      -18.4650       -0.4030        -6.6850         1.4492        
 24.550        -1.0130        -8.1642        -137.0800      -17.8400       -0.5280        -3.0600        -11.9280       
 24.600        -0.7005        -8.7392        -117.7100      -17.2150       -0.6905         1.8150        -25.8620       
 24.650        -0.5130        -9.0392        -104.0800      -16.8400       -0.7780         5.4400        -38.9050       
 24.700        -0.2630        -9.2641        -82.7050       -16.8400       -0.8780         11.4400       -50.9440       
 24.750        -0.1130        -9.2766        -68.0800       -17.2150       -0.9280         15.1900       -61.6460       
 24.800         0.0495        -9.0891        -45.5800       -17.9650       -0.9780         20.6900       -70.0060       
 24.850         0.1620        -8.6391        -22.9550       -19.0900       -0.9905         25.6900       -77.3640       
 24.900         0.1620        -8.2516        -7.9550        -19.5900       -0.9780         29.8150       -83.8290       
 24.950         0.1870        -7.7142         7.1700        -20.7150       -0.9780         32.4400       -88.7340       
 25.000         0.1120        -6.7516         29.7950       -22.2150       -0.9655         36.8150       -90.7410       
 25.050         0.0120        -5.6016         52.0450       -23.5900       -0.9530         39.8150       -87.2850       
 25.100        -0.0880        -4.7516         66.1700       -24.5900       -0.9405         41.8150       -79.5930       
 25.150        -0.2005        -3.8141         79.7950       -25.8400       -0.9405         43.4400       -68.6690       
 25.200        -0.3505        -2.3266         98.7950       -27.5900       -0.9530         44.3150       -55.2920       
 25.250        -0.4130        -1.3141         110.5400      -28.7150       -0.9655         43.8150       -41.9150       
 25.300        -0.5255         0.1858         125.4200      -30.3400       -0.9905         43.6900       -28.7610       
 25.350        -0.5255         1.6983         137.6700      -32.0900       -1.0280         41.9400       -18.1700       
 25.400        -0.4380         2.6733         144.2900      -33.2150       -1.0405         39.1900       -9.4754        
 25.450        -0.3505         3.5859         149.0400      -34.3400       -1.0530         37.0650       -3.0098        
 25.500        -0.1130         4.8733         153.4200      -35.9650       -1.0405         32.0650        3.0098        
 25.550         0.2245         5.9608         154.1700      -37.4650       -1.0155         25.5650        8.3606        
 25.600         0.4870         6.6358         152.6700      -38.7150       -0.9905         20.5650        13.6000       
 25.650         0.7370         7.2358         149.1700      -39.9650       -0.9530         15.6900        18.5050       
 25.700         1.1245         7.9358         140.9200      -41.3400       -0.8780         7.5650         20.5110       
 25.750         1.3745         8.3109         133.5400      -42.3400       -0.8155         1.6900         22.7410       
 25.800         1.7245         8.6983         119.7900      -43.4650       -0.7030        -6.9350         24.9700       
 25.850         1.9995         8.9483         103.2900      -44.7150       -0.5655        -15.8100        28.7610       
 25.900         2.0995         8.9858         90.9200       -45.2150       -0.4655        -20.6850        33.5540       
 25.950         2.1745         8.9608         77.6700       -45.7150       -0.3655        -25.5600        37.9020       
 26.000         2.2120         8.7858         56.2950       -46.2150       -0.1780        -32.1850        40.8000       
 26.050         2.1245         8.4858         33.6700       -46.5900       -0.0155        -37.4350        42.1380       
 26.100         2.0120         8.1859         17.7950       -46.5900        0.1220        -40.1850        42.0260       
 26.150         1.8620         7.8233         1.7950        -46.3400        0.2470        -42.4350        40.2420       
 26.200         1.5620         7.1858        -22.8300       -45.8400        0.4345        -44.9350        38.9050       
 26.250         1.3120         6.7108        -39.4550       -45.4650        0.5470        -45.6850        37.5670       
 26.300         0.8745         5.8608        -64.4550       -44.4650        0.6970        -45.9350        36.8980       
 26.350         0.3620         4.9109        -88.9550       -43.0900        0.8220        -44.5600        35.7830       
 26.400         0.0370         4.2358        -104.2100      -42.0900        0.8720        -43.8100        36.1180       
 26.450        -0.2880         3.4983        -118.9600      -40.8400        0.9095        -42.1850        37.3440       
 26.500        -0.7755         2.3233        -138.7100      -38.8400        0.9345        -39.5600        39.1280       
 26.550        -1.1880         1.0983        -155.4600      -36.3400        0.9095        -36.9350        41.3570       
 26.600        -1.4380         0.2483        -164.8300      -34.5900        0.8595        -34.5600        44.3670       
 26.650        -1.6255        -0.5892        -172.3300      -32.8400        0.7845        -32.4350        46.1510       
 26.700        -1.8505        -1.8641        -180.0800      -30.0900        0.6470        -28.3100        45.8160       
 26.750        -1.9255        -2.7141        -182.8300      -28.2150        0.5345        -25.8100        44.8130       
 26.800        -1.9255        -3.9141        -182.9600      -25.5900        0.3345        -21.8100        41.4690       
 26.850        -1.8130        -5.0266        -178.5800      -23.2150        0.1095        -17.8100        36.8980       
 26.900        -1.7005        -5.6891        -173.4600      -21.9650       -0.0405        -14.5600        29.7640       
 26.950        -1.5505        -6.2891        -166.5800      -20.7150       -0.1905        -11.4350        21.2920       
 27.000        -1.2755        -7.0641        -153.0800      -19.0900       -0.4030        -6.8100         10.3670       
 27.050        -0.9380        -7.6642        -136.8300      -17.9650       -0.5905        -2.3100        -3.3442        
 27.100        -0.7505        -7.9642        -124.9600      -17.4650       -0.7030         1.3150        -17.8360       
 27.150        -0.5630        -8.1391        -112.2100      -17.3400       -0.7905         5.1900        -31.8820       
 27.200        -0.2630        -8.3017        -91.9550       -17.2150       -0.8905         9.6900        -44.0330       
 27.250        -0.1130        -8.2641        -78.0800       -17.4650       -0.9280         13.4400       -54.8460       
 27.300         0.0620        -8.0392        -56.4550       -18.2150       -0.9655         18.3150       -64.9900       
 27.350         0.1620        -7.6266        -34.5800       -19.2150       -0.9530         23.1900       -74.2420       
 27.400         0.1870        -7.2266        -20.0800       -19.9650       -0.9405         26.4400       -82.4920       
 27.450         0.1870        -6.7141        -5.3300        -21.0900       -0.9280         29.4400       -89.0690       
 27.500         0.0995        -5.8391         16.2950       -22.2150       -0.8780         34.1900       -92.9700       
 27.550         0.0120        -4.7392         38.1700       -23.8400       -0.8530         37.5650       -92.4130       
 27.600        -0.0755        -3.9641         52.4200       -24.7150       -0.8405         39.4400       -86.1700       
 27.650        -0.1880        -3.1016         66.0450       -25.8400       -0.8280         41.1900       -75.8030       
 27.700        -0.3505        -1.7641         85.4200       -27.2150       -0.8405         43.1900       -62.4260       
 27.750        -0.4380        -0.8517         97.4200       -28.0900       -0.8530         43.6900       -47.2650       
 27.800        -0.5255         0.5109         113.6700      -29.4650       -0.8905         43.5650       -32.4390       
 27.850        -0.5255         1.8733         127.4200      -30.8400       -0.9405         42.0650       -20.4000       
 27.900        -0.5005         2.7358         134.9200      -31.8400       -0.9780         40.6900       -11.0360       
 27.950        -0.4130         3.5608         140.9200      -32.8400       -1.0030         38.4400       -4.5705        
 28.000        -0.2130         4.6858         147.2900      -34.3400       -1.0405         34.6900       -0.1115        
 28.050        -0.0130         5.3484         149.5400      -35.3400       -1.0405         30.9400        4.3475        
 28.100         0.2995         6.2483         149.9200      -37.0900       -1.0280         24.6900        8.6951        
 28.150         0.5870         6.7358         148.1700      -37.9650       -1.0030         19.3150        13.8230       
 28.200         0.9620         7.3233         142.1700      -39.3400       -0.9405         11.9400        18.7280       
 28.250         1.2120         7.5984         136.4200      -40.2150       -0.8780         6.1900         22.0720       
 28.300         1.5995         7.9233         124.7900      -41.3400       -0.7655        -3.0600         24.5240       
 28.350         1.7620         8.0233         115.1700      -41.9650       -0.6780        -8.1850         27.5340       
 28.400         2.0120         8.0858         98.7950       -42.9650       -0.5155        -17.1850        32.6620       
 28.450         2.1120         8.0233         86.5450       -43.3400       -0.4030        -22.3100        37.1210       
 28.500         2.1870         7.8108         66.6700       -43.7150       -0.2155        -29.8100        40.3540       
 28.550         2.1370         7.4734         45.1700       -43.9650       -0.0155        -35.8100        42.2490       
 28.600         2.0620         7.1609         30.0450       -43.7150        0.0970        -39.1850        42.0260       
 28.650         1.9245         6.8358         14.6700       -43.7150        0.2345        -41.6850        40.5770       
 28.700         1.6620         6.2108        -8.9550        -43.0900        0.4345        -44.6850        37.6790       
 28.750         1.4245         5.7733        -25.2050       -42.5900        0.5595        -45.8100        35.1150       
 28.800         1.0245         5.0108        -49.5800       -41.5900        0.7220        -46.3100        32.4390       
 28.850         0.5870         4.1483        -73.5800       -40.3400        0.8720        -46.0600        31.2130       
 28.900         0.2745         3.5483        -89.0800       -39.4650        0.9345        -44.9350        30.9900       
 28.950        -0.0505         2.9109        -104.3300      -38.3400        0.9970        -43.0600        32.5510       
 29.000        -0.5005         1.8858        -124.9600      -36.3400        1.0470        -40.9350        35.4490       
 29.050        -0.9380         0.8108        -143.0800      -34.3400        1.0345        -37.4350        39.6850       
 29.100        -1.1755         0.0859        -153.2100      -32.9650        0.9970        -35.4350        45.0360       
 29.150        -1.3880        -0.6517        -162.0800      -31.3400        0.9470        -33.0600        49.6060       
 29.200        -1.6255        -1.7391        -171.9600      -29.0900        0.8220        -29.1850        51.8360       
 29.250        -1.7505        -2.4516        -176.3300      -27.5900        0.7220        -26.3100        51.3900       
 29.300        -1.8005        -3.4891        -178.9600      -25.3400        0.5345        -22.6850        48.3800       
 29.350        -1.7505        -4.4391        -177.3300      -23.2150        0.3220        -18.8100        42.6950       
 29.400        -1.7005        -5.0266        -174.0800      -21.8400        0.1845        -15.8100        35.0030       
 29.450        -1.5880        -5.5266        -168.8300      -20.7150        0.0345        -12.8100        25.4160       
 29.500        -1.3755        -6.2266        -157.7100      -18.9650       -0.1655        -8.5600         14.3800       
 29.550        -1.1005        -6.7392        -143.4600      -17.9650       -0.3655        -4.1850         1.1147        
 29.600        -0.9380        -6.9766        -132.7100      -17.4650       -0.4780        -0.5600        -13.4880       
 29.650        -0.7505        -7.1767        -120.8300      -16.9650       -0.5780         2.4400        -27.8690       
 29.700        -0.5005        -7.2891        -101.9600      -16.7150       -0.7030         7.6900        -41.0230       
 29.750        -0.3380        -7.2891        -88.5800       -16.7150       -0.7530         11.4400       -51.8360       
 29.800        -0.1255        -7.1142        -68.0800       -17.0900       -0.8155         16.4400       -60.9770       
 29.850         0.0120        -6.7641        -46.9550       -17.5900       -0.8405         21.8150       -69.4490       
 29.900         0.0870        -6.4141        -32.7050       -18.2150       -0.8405         25.0650       -77.8100       
 29.950         0.1245        -6.0016        -18.4550       -18.7150       -0.8280         28.5650       -84.6100       
 30.000         0.1495        -5.2392         2.9200        -19.7150       -0.8030         32.8150       -89.5140       
 30.050         0.0995        -4.3266         24.4200       -20.7150       -0.7905         36.6900       -91.6320       
 30.100         0.0620        -3.6266         38.5450       -21.4650       -0.7780         38.4400       -88.8460       
 30.150        -0.0380        -2.8891         52.2950       -22.3400       -0.7780         41.1900       -80.3730       
 30.200        -0.1630        -1.7016         72.1700       -23.3400       -0.7905         42.8150       -66.6620       
 30.250        -0.2505        -0.8891         84.5450       -24.0900       -0.8030         43.4400       -50.3870       
 30.300        -0.4005         0.3483         101.5400      -25.2150       -0.8530         44.3150       -34.8920       
 30.350        -0.4630         1.5733         116.4200      -26.4650       -0.9030         42.9400       -22.6290       
 30.400        -0.4880         2.3233         124.9200      -27.0900       -0.9280         42.0650       -13.9340       
 30.450        -0.4880         3.0733         131.9200      -27.8400       -0.9655         40.6900       -8.3606        
 30.500        -0.3630         4.1358         140.1700      -29.3400       -1.0155         36.8150       -3.9016        
 30.550        -0.1630         4.9734         144.9200      -30.2150       -1.0280         31.9400        0.6688        
 30.600         0.0495         5.5108         146.4200      -31.3400       -1.0280         27.0650        5.1278        
 30.650         0.2495         5.9233         146.0400      -32.0900       -1.0155         23.0650        9.5869        
 30.700         0.6370         6.4858         142.6700      -33.4650       -0.9655         14.8150        14.9380       
 30.750         0.8745         6.7234         138.2900      -34.2150       -0.9155         9.6900         19.7310       
 30.800         1.2495         6.9608         129.0400      -35.2150       -0.8155         1.0650         23.2980       
 30.850         1.5870         7.0858         116.4200      -36.3400       -0.7030        -7.4350         26.7540       
 30.900         1.7870         7.0858         106.5400      -36.8400       -0.6030        -13.5600        30.7670       
 30.950         1.9495         6.9983         95.5450       -37.2150       -0.4905        -19.3100        34.0000       
 31.000         2.0870         6.8108         77.4200       -38.0900       -0.3155        -26.4350        36.6750       
 31.050         2.1620         6.4983         57.4200       -38.2150       -0.1155        -33.4350        37.6790       
 31.100         2.1495         6.2358         43.4200       -38.3400        0.0095        -37.3100        38.5700       
 31.150         2.0620         5.9358         28.6700       -38.3400        0.1470        -40.0600        38.3470       
 31.200         1.8745         5.4233         6.0450        -38.0900        0.3595        -43.5600        37.9020       
 31.250         1.6995         5.0233        -9.4550        -37.8400        0.4845        -45.1850        36.4520       
 31.300         1.3495         4.3733        -33.0800       -37.2150        0.6720        -46.3100        35.2260       
 31.350         0.9245         3.6608        -56.8300       -36.4650        0.8220        -46.1850        33.6650       
 31.400         0.6370         3.1358        -72.3300       -35.7150        0.9095        -45.9350        32.8850       
 31.450         0.2995         2.5859        -87.7050       -34.8400        0.9845        -44.4350        32.8850       
 31.500        -0.1880         1.7359        -109.2100      -33.4650        1.0470        -42.3100        35.2260       
 31.550        -0.6630         0.8483        -128.5800      -32.0900        1.0720        -39.4350        38.4590       
 31.600        -0.9505         0.2358        -140.0800      -30.9650        1.0595        -37.4350        43.4750       
 31.650        -1.2255        -0.3767        -150.0800      -29.7150        1.0220        -34.9350        47.1540       
 31.700        -1.5380        -1.3141        -162.4600      -27.9650        0.9345        -31.3100        49.4950       
 31.750        -1.6755        -1.9516        -168.0800      -26.7150        0.8470        -29.3100        49.6060       
 31.800        -1.8255        -2.8516        -173.8300      -24.5900        0.6970        -25.0600        47.7110       
 31.850        -1.8630        -3.7141        -174.9600      -22.5900        0.5095        -20.6850        43.5870       
 31.900        -1.8005        -4.2516        -173.4600      -21.3400        0.3720        -18.3100        37.0100       
 31.950        -1.7255        -4.7266        -169.9600      -20.2150        0.2220        -15.3100        29.0950       
 32.000        -1.5505        -5.3516        -161.7100      -18.4650       -0.0155        -10.4350        19.9540       
 32.050        -1.2630        -5.8516        -149.8300      -16.9650       -0.2280        -6.3100         9.3639        
 32.100        -1.0755        -6.0891        -140.2100      -16.0900       -0.3655        -2.9350        -2.8984        
 32.150        -0.8630        -6.2766        -129.5800      -15.4650       -0.5030        -0.1850        -16.6100       
 32.200        -0.5630        -6.4016        -112.0800      -14.8400       -0.6655         4.9400        -29.5410       
 32.250        -0.3755        -6.4016        -99.7050       -14.5900       -0.7530         8.4400        -42.0260       
 32.300        -0.1505        -6.2891        -80.2050       -14.3400       -0.8530         13.9400       -52.2820       
 32.350         0.0495        -6.0391        -59.9550       -14.3400       -0.9030         18.8150       -61.4230       
 32.400         0.1370        -5.7516        -46.2050       -14.7150       -0.9280         22.0650       -69.7830       
 32.450         0.1745        -5.4016        -32.5800       -14.8400       -0.9280         26.0650       -78.4780       
 32.500         0.1995        -4.7766        -11.7050       -15.5900       -0.9155         30.8150       -85.6130       
 32.550         0.1620        -4.0266         8.9200        -16.2150       -0.8780         34.9400       -91.5210       
 32.600         0.0870        -3.4391         22.7950       -16.7150       -0.8655         37.9400       -93.0820       
 32.650         0.0245        -2.7766         36.5450       -17.4650       -0.8405         39.8150       -87.8420       
 32.700        -0.1505        -1.7891         56.4200       -18.0900       -0.8280         43.3150       -76.5830       
 32.750        -0.2880        -1.0641         69.0450       -18.7150       -0.8280         45.0650       -61.3110       
 32.800        -0.4130        -0.0017         87.0450       -19.5900       -0.8530         45.8150       -45.1470       
 32.850        -0.5505         1.0859         103.1700      -20.5900       -0.9030         46.0650       -31.2130       
 32.900        -0.6005         1.7608         112.4200      -21.0900       -0.9280         45.8150       -20.0660       
 32.950        -0.6005         2.4358         120.9200      -21.9650       -0.9655         44.4400       -11.9280       
 33.000        -0.5505         3.3359         131.0400      -22.9650       -1.0155         42.0650       -6.4656        
 33.050        -0.4130         3.8733         136.2900      -23.7150       -1.0405         38.6900       -2.0066        
 33.100        -0.1505         4.6108         141.2900      -25.2150       -1.0655         33.0650        2.1180        
 33.150         0.0495         5.0233         142.6700      -26.0900       -1.0655         28.6900        6.1311        
 33.200         0.2870         5.3484         142.5400      -27.0900       -1.0530         23.9400        11.3700       
 33.250         0.7120         5.7608         139.4200      -28.5900       -1.0030         15.0650        16.2750       
 33.300         1.1120         5.9983         132.6700      -29.8400       -0.9280         6.1900         19.5080       
 33.350         1.3870         6.0984         126.2900      -30.7150       -0.8655        -0.5600         22.2950       
 33.400         1.7245         6.1233         114.1700      -31.8400       -0.7280        -10.0600        25.7510       
 33.450         1.9120         6.1108         104.5400      -32.7150       -0.6405        -16.4350        30.2100       
 33.500         2.0620         6.0359         93.6700       -33.3400       -0.5280        -22.5600        34.6690       
 33.550         2.1870         5.8108         75.7950       -34.2150       -0.3405        -30.6850        37.5670       
 33.600         2.2370         5.5233         56.2950       -34.7150       -0.1405        -37.9350        39.4620       
 33.650         2.1495         5.2608         42.2950       -34.9650       -0.0155        -41.0600        40.3540       
 33.700         2.0745         5.0108         28.0450       -35.2150        0.1220        -44.4350        39.9080       
 33.750         1.8370         4.5733         5.6700        -35.3400        0.3220        -47.4350        39.3510       
 33.800         1.5245         4.0858        -17.0800       -35.2150        0.5220        -49.4350        38.1240       
 33.850         1.2370         3.7483        -32.7050       -35.0900        0.6470        -49.0600        36.3410       
 33.900         0.8120         3.1858        -55.8300       -34.7150        0.8095        -48.6850        33.5540       
 33.950         0.4995         2.7608        -71.2050       -34.0900        0.8970        -47.4350        32.2160       
 34.000         0.1745         2.3359        -86.0800       -33.4650        0.9720        -45.9350        32.6620       
 34.050        -0.3130         1.6484        -107.2100      -32.3400        1.0470        -42.8100        35.8950       
 34.100        -0.7630         0.8858        -126.0800      -30.7150        1.0845        -39.5600        40.4650       
 34.150        -1.0255         0.3733        -137.2100      -29.4650        1.0720        -37.1850        44.9240       
 34.200        -1.2880        -0.1266        -147.0800      -28.3400        1.0345        -34.3100        48.3800       
 34.250        -1.5755        -0.9266        -158.8300      -26.2150        0.9470        -30.3100        51.1670       
 34.300        -1.7380        -1.7016        -166.8300      -23.9650        0.8095        -26.4350        51.5010       
 34.350        -1.8005        -2.2141        -169.9600      -22.5900        0.6970        -23.6850        48.7150       
 34.400        -1.7755        -2.9516        -170.8300      -20.3400        0.4970        -20.0600        43.9210       
 34.450        -1.7255        -3.3891        -169.4600      -18.9650        0.3345        -17.0600        37.2330       
 34.500        -1.6255        -3.8016        -165.9600      -17.5900        0.1845        -13.9350        29.8750       
 34.550        -1.4255        -4.3391        -157.8300      -15.9650       -0.0530        -9.4350         19.9540       
 34.600        -1.1630        -4.7891        -146.2100      -14.3400       -0.2905        -4.8100         8.3606        
 34.650        -0.9755        -4.9892        -137.0800      -13.5900       -0.4280        -1.3100        -5.4623        
 34.700        -0.7755        -5.1641        -126.4600      -12.9650       -0.5655         1.6900        -20.8460       
 34.750        -0.5255        -5.3141        -109.5800      -12.3400       -0.7280         7.5650        -34.1110       
 34.800        -0.2880        -5.3391        -91.3300       -12.0900       -0.8530         13.3150       -46.1510       
 34.850        -0.1380        -5.3017        -78.5800       -11.9650       -0.9030         16.6900       -55.6260       
 34.900         0.0120        -5.1266        -58.8300       -12.0900       -0.9405         22.0650       -65.4360       
 34.950         0.0870        -4.9391        -45.4550       -12.2150       -0.9530         25.8150       -75.3570       
 35.000         0.0995        -4.6767        -32.3300       -12.4650       -0.9405         29.8150       -85.5010       
 35.050         0.1245        -4.2017        -11.8300       -12.9650       -0.9030         34.0650       -94.1960       
 35.100         0.0620        -3.5641         8.1700        -13.5900       -0.8530         38.6900       -99.2130       
 35.150         0.0370        -3.3516         15.0450       -13.8400       -0.8405         39.9400       -97.4290       
 35.200        -0.0505        -2.5641         35.2950       -14.5900       -0.8030         42.6900       -88.2880       
 35.250        -0.2255        -1.7266         54.7950       -15.3400       -0.7780         45.5650       -73.6850       
 35.300        -0.3755        -0.8141         73.2950       -16.0900       -0.7780         46.9400       -56.6290       
 35.350        -0.5005        -0.2142         84.7950       -16.8400       -0.8030         47.8150       -41.1340       
 35.400        -0.6005         0.7109         100.6700      -17.9650       -0.8405         46.9400       -27.8690       
 35.450        -0.6380         1.2983         110.0400      -18.4650       -0.8780         45.8150       -18.5050       
 35.500        -0.6255         1.8858         118.4200      -19.4650       -0.9155         44.0650       -12.2620       
 35.550        -0.5130         2.6609         128.6700      -20.5900       -0.9655         39.5650       -7.6918        
 35.600        -0.3255         3.3483         135.7900      -21.9650       -1.0155         34.6900       -3.5672        
 35.650        -0.1255         3.7608         138.7900      -22.8400       -1.0280         29.9400        1.2262        
 35.700         0.0995         4.1234         140.2900      -23.8400       -1.0280         24.8150        5.6852        
 35.750         0.4870         4.5733         139.7900      -25.3400       -1.0030         16.1900        11.3700       
 35.800         0.8745         4.8858         135.4200      -26.8400       -0.9405         7.8150         16.7210       
 35.850         1.1620         5.0608         130.6700      -27.7150       -0.8905         1.3150         20.8460       
 35.900         1.5745         5.2234         120.9200      -28.9650       -0.7655        -8.8100         24.8590       
 35.950         1.7870         5.2983         112.6700      -30.0900       -0.6780        -14.9350        29.7640       
 36.000         1.9745         5.3108         103.1700      -30.8400       -0.5655        -21.0600        35.1150       
 36.050         2.1870         5.2859         86.9200       -31.9650       -0.3905        -29.4350        39.9080       
 36.100         2.2995         5.1983         68.6700       -32.9650       -0.1905        -36.6850        43.2520       
 36.150         2.3120         5.0984         55.6700       -33.5900       -0.0530        -40.8100        44.5900       
 36.200         2.2495         4.9734         41.9200       -33.9650        0.0845        -43.6850        45.1470       
 36.250         2.0745         4.7608         20.4200       -34.7150        0.2845        -47.1850        43.8100       
 36.300         1.7745         4.4734        -1.8300        -34.9650        0.4845        -48.5600        42.0260       
 36.350         1.5370         4.2483        -17.0800       -34.9650        0.6095        -48.9350        38.7930       
 36.400         1.0995         3.8858        -40.3300       -34.9650        0.7845        -48.0600        36.2290       
 36.450         0.7995         3.5859        -55.5800       -34.7150        0.8845        -47.4350        33.3310       
 36.500         0.4745         3.2608        -70.8300       -34.2150        0.9595        -45.9350        32.3280       
 36.550        -0.0380         2.7234        -92.9550       -33.4650        1.0595        -42.6850        32.8850       
 36.600        -0.5255         2.1108        -113.0800      -32.0900        1.1095        -39.4350        37.5670       
 36.650        -0.8130         1.6734        -125.3300      -31.0900        1.1220        -37.4350        43.9210       
 36.700        -1.1130         1.2109        -136.4600      -30.0900        1.1095        -34.3100        49.6060       
 36.750        -1.4380         0.4983        -150.4600      -28.2150        1.0470        -30.8100        52.9510       
 36.800        -1.6755        -0.2641        -160.7100      -26.2150        0.9345        -26.6850        54.2880       
 36.850        -1.7755        -0.7641        -165.5800      -24.8400        0.8345        -23.6850        53.1740       
 36.900        -1.8255        -1.5266        -169.3300      -22.7150        0.6470        -19.4350        49.1600       
 36.950        -1.8005        -2.0141        -169.5800      -21.2150        0.5095        -16.4350        43.5870       
 37.000        -1.7380        -2.4766        -167.8300      -19.8400        0.3595        -13.4350        34.8920       
 37.050        -1.5630        -3.1266        -162.0800      -17.8400        0.1095        -8.8100         24.4130       
 37.100        -1.3130        -3.6891        -152.4600      -15.9650       -0.1280        -4.5600         12.1510       
 37.150        -1.1505        -4.0266        -144.4600      -14.8400       -0.2780        -1.0600        -1.2262        
 37.200        -0.9630        -4.2891        -135.0800      -14.0900       -0.4280         1.9400        -16.6100       
 37.250        -0.6880        -4.6266        -119.2100      -12.7150       -0.6280         7.0650        -29.5410       
 37.300        -0.4380        -4.8766        -101.7100      -11.8400       -0.7780         12.3150       -41.8030       
 37.350        -0.3005        -4.9766        -89.4550       -11.2150       -0.8530         15.8150       -52.9510       
 37.400        -0.1005        -5.0266        -70.0800       -10.7150       -0.9155         20.4400       -63.3180       
 37.450        -0.0130        -4.9641        -56.9550       -10.7150       -0.9530         23.5650       -73.2390       
 37.500         0.0245        -4.8891        -43.7050       -10.4650       -0.9530         26.9400       -82.8260       
 37.550         0.0620        -4.6142        -23.5800       -10.5900       -0.9280         31.4400       -92.1900       
 37.600         0.0495        -4.2266        -3.2050        -10.8400       -0.8905         35.0650       -99.8820       
 37.650         0.0120        -3.8766         10.2950       -11.2150       -0.8655         37.1900       -101.8900      
 37.700        -0.0755        -3.4641         23.6700       -11.7150       -0.8405         39.5650       -94.5310       
 37.750        -0.1880        -2.8017         43.9200       -12.3400       -0.8030         41.3150       -81.0420       
 37.800        -0.3380        -2.0266         63.1700       -13.3400       -0.7905         42.8150       -65.1010       
 37.850        -0.4505        -1.5016         75.4200       -13.8400       -0.7905         43.3150       -49.6060       
 37.900        -0.5630        -0.6391         92.4200       -15.2150       -0.8030         42.9400       -36.6750       
 37.950        -0.6255        -0.0767         102.6700      -16.0900       -0.8280         42.5650       -26.4200       
 38.000        -0.6130         0.4609         112.1700      -17.0900       -0.8405         40.6900       -18.0590       
 38.050        -0.5755         1.2358         123.9200      -18.4650       -0.8780         38.1900       -12.0390       
 38.100        -0.4255         1.9983         132.7900      -20.3400       -0.9030         34.0650       -5.6852        
 38.150        -0.2255         2.4609         137.1700      -21.4650       -0.9030         30.0650        0.0000        
 38.200        -0.0255         2.8858         140.0400      -22.5900       -0.9030         25.8150        5.3508        
 38.250         0.3370         3.4609         141.5400      -24.4650       -0.8780         18.4400        11.7050       
 38.300         0.7370         3.9483         139.2900      -26.3400       -0.8280         10.4400        17.1670       
 38.350         0.9870         4.2358         135.7900      -27.7150       -0.7780         5.3150         21.2920       
 38.400         1.3870         4.5984         127.6700      -29.5900       -0.6905        -3.5600         25.0820       
 38.450         1.6620         4.8108         120.6700      -30.8400       -0.6155        -10.4350        29.2060       
 38.500         1.8620         4.9858         112.0400      -32.0900       -0.5280        -15.9350        34.3340       
 38.550         2.1120         5.1858         96.9200       -33.8400       -0.3905        -24.4350        39.4620       
 38.600         2.2370         5.3108         79.5450       -35.3400       -0.2280        -31.5600        44.4790       
 38.650         2.2745         5.3608         66.7950       -36.2150       -0.1155        -35.6850        48.1570       
 38.700         2.2745         5.3733         53.5450       -36.9650       -0.0030        -39.8100        49.3830       
 38.750         2.1495         5.3358         32.2950       -37.8400        0.1720        -43.6850        48.3800       
 38.800         1.9495         5.2483         10.0450       -38.2150        0.3720        -46.5600        45.4820       
 38.850         1.7620         5.1358        -4.9550        -38.3400        0.4845        -47.6850        42.1380       
 38.900         1.3745         4.8983        -28.3300       -38.2150        0.6595        -47.1850        38.1240       
 38.950         1.1120         4.7108        -43.8300       -38.0900        0.7720        -47.3100        34.2230       
 39.000         0.7870         4.4608        -59.7050       -37.4650        0.8720        -45.5600        31.2130       
 39.050         0.2995         4.0359        -82.5800       -36.5900        0.9845        -42.8100        29.9870       
 39.100        -0.1630         3.5108        -104.0800      -35.3400        1.0595        -39.9350        32.2160       
 39.150        -0.4880         3.1233        -117.4600      -34.4650        1.0845        -37.0600        37.4560       
 39.200        -0.7755         2.6733        -129.7100      -33.2150        1.0970        -34.8100        42.9180       
 39.250        -1.1755         1.9609        -145.5800      -31.3400        1.0595        -30.5600        47.4880       
 39.300        -1.5130         1.1733        -158.2100      -29.3400        0.9720        -25.9350        49.8290       
 39.350        -1.6505         0.6108        -164.4600      -27.8400        0.8845        -23.1850        50.6100      